000000000000000000000000000000000000000000000000000000000000
000000000000000000000000000000000000000000000000000000000000
000000000000000000000000000000000000000000000000000000000000
000000000000000000000000000000000000000000000000000000000000
000000000000000000000000000000000000000000000000000000000000
000000000000000000000000000000000000000000000000000000000000
000000000000000000000000000000000000000000000000000000000000
000000000000000000000000000000000000000000000000000000000000
000000000000000000000000000000000000000000000000000000000000
000000000000000000000000000000000000000000000000000000000000
000000000000000000000000000000000000000000000000000000000000
000000000000000000000000000000000000000000000000000000000000
000000000000000000000000000000000000000000000000000000000000
000000000000000000000000000000000000000000000000000000000000
000000000000000000000000000000000000000000000000000000000000
000000000000000000000000000F000FFF00000000000000000000000000
000000000000000000000000000F00000F00000000000000000000000000
000000000000000000000000000FFF0FFF00000000000000000000000000
00000000000000000000000000000F0F0000000000000000000000000000
00000000000000000000000000000F0FFF00000000000000000000000000
000000F00000000000000000000000000000000000000000000000000000
000000000000000000000000000000000000000000000000000000000000
000000000000000000000000000000000000000000000000000000000000
000000000000000000000000000000000000000000000000000000000000
000000000000000000000000000000000001010100000000000000000000000
00000000000000000000000000000000000101000000000000000000000000
00000000000000000000000000000000000101000000000000000000000000
0000000000000000000000000000000000010000000000000000000000000
0000000000000000000000000000000010101010000000000000000000000000
000000000000000000000000101000000010000000000000000000000000000
0000000000000000000000000100101010101010000000000000000000000000000
000000000000000000000000101001000000000000000000000000000000000
000000000000000000000000100101000000000000000000000000000000000
000000000000000000000000101010000000000000000000000000000000000
000000000000000000000000000000000000000000000000000000000000